54
68
65
20
76
61
6c
75
65
20
6f
66
20
50
49
20
69
73
3a
0a
33
2e
31
34
31
35
39
32
36
35
33
35
38
0a
39
37
39
33
32
33
38
34
36
32
36
34
33
0a
33
38
33
32
37
39
35
30
32
38
38
34
31
0a
39
37
31
36
39
33
39
39
33
37
35
31
30
0a
35
38
32
30
39
37
34
39
34
34
35
39
32
0a
33
30
37
38
31
36
34
30
36
32
38
36
0a
3d
3d
3d
3d
3d
3d
3d
3d
3d
3d
3d
0a
54
68
65
20
76
61
6c
75
65
20
6f
66
20
65
20
69
73
3a
0a
32
2e
37
31
38
32
38
31
38
32
38
34
35
39
0a
30
34
35
32
33
35
33
36
30
32
38
37
34
37
0a
31
33
35
32
36
36
32
34
39
37
37
35
37
32
0a
34
37
30
39
33
36
39
39
39
35
39
35
37
34
0a
39
36
36
39
36
37
36
32
37
37
32
34
30
37
0a
36
36
33
30
33
35
33
0a
